76436
76457
76531
76565
76442
76444
76452
76455
76468
76474
76634
76637
76644
76649
76652
76665
76671
76689
76690
76055
76621
76622
76627
76628
76631
76636
76645
76648
76650
76660
76666
76673
76676
76692
79014
76844
76864
76870
76880
76824
76832
76871
76877
76539
76550
76853
76522
76525
76526
76528
76538
76558
76561
76566
76596
76597
76598
76599
76524
76557
76624
76630
76633
76638
76640
76643
76654
76655
76657
76664
76682
76684
76691
76701
76702
76703
76704
76705
76706
76707
76708
76710
76711
76712
76714
76715
76716
76795
76797
76798
76799
76635
76642
76653
76667
76678
76686
76687
76570
76632
76656
76661
76680
76685
76501
76502
76503
76504
76505
76508
76511
76513
76533
76534
76540
76541
76542
76543
76544
76545
76546
76547
76548
76549
76554
76559
76564
76569
76571
76579
76831
76885
78607
78609
78639
78643
78657
78672
78605
78608
78611
78654
76527
76530
76537
76573
76574
76578
78613
78615
78626
78627
78628
78630
78634
78641
78642
78646
78664
78673
78674
78680
78681
78682
78683
78717
78729
76518
76519
76520
76523
76556
76567
76577
77857
76629
77837
77856
77859
77867
77870
77882
78606
78635
78636
78663
73301
73344
78617
78645
78651
78652
78653
78660
78669
78691
78701
78702
78703
78704
78705
78708
78709
78710
78711
78712
78713
78714
78715
78716
78718
78719
78720
78721
78722
78723
78724
78725
78726
78727
78728
78730
78731
78732
78733
78734
78735
78736
78738
78739
78741
78742
78744
78745
78746
78747
78748
78749
78750
78751
78752
78753
78754
78755
78756
78757
78758
78759
78760
78761
78762
78763
78764
78765
78766
78767
78768
78769
78772
78773
78774
78778
78779
78780
78781
78783
78785
78786
78788
78789
78798
78799
77853
78942
78947
78948
77836
77838
77852
77863
77878
77879
77801
77802
77803
77805
77806
77807
77808
77840
77841
77842
77843
77844
77845
77862
77866
77869
77881
78004
78006
78013
78015
78027
78074
78070
78130
78131
78132
78133
78135
78163
78266
78623
78610
78619
78620
78640
78666
78667
78676
78737
78616
78622
78644
78648
78655
78656
78661
78602
78612
78621
78650
78659
78662
78953
78957
77426
77833
77834
77835
77880
78002
78023
78054
78069
78073
78101
78109
78112
78148
78150
78152
78201
78202
78203
78204
78205
78206
78207
78208
78209
78210
78211
78212
78213
78214
78215
78216
78217
78218
78219
78220
78221
78222
78223
78224
78225
78226
78227
78228
78229
78230
78231
78232
78233
78234
78235
78236
78237
78238
78239
78240
78241
78242
78243
78244
78245
78246
78247
78248
78249
78250
78251
78252
78253
78254
78255
78256
78257
78258
78259
78260
78261
78262
78263
78264
78265
78268
78269
78270
78275
78278
78279
78280
78283
78284
78285
78286
78287
78288
78289
78291
78292
78293
78294
78295
78296
78297
78298
78299
78108
78115
78123
78124
78154
78155
78156
78638
78670
78122
78140
78159
78604
78614
78629
78632
78658
78677
78959
78932
78938
78940
78941
78945
78946
78949
78952
78954
78956
78960
78961
78963
77964
77975
77984
77986
77987
77995
77964
77975
77984
77986
77987
77995
